first_encrypt_num:
151	119	237	40	229	115	95	314	131	201	
190	79	263	111	115	357	123	118	295	107	
77	97	72	120	69	87	129	147	222	73	
192	72	201	120	196	124	87	250	179	191	
249	191	212	229	171	168	215	116	67	119	
152	141	300	203	145	156	60	84	306	243	
180	158	145	157	246	102	181	145	213	105	
158	84	103	312	156	199	104	109	111	272	
118	189	177	105	109	132	174	124	142	128	
122	100	93	160	155	140	88	88	142	122	

all_encrypt_num:
151	119	237	40	229	115	95	314	131	201	
190	79	263	111	115	357	123	118	295	107	
77	97	72	120	69	87	129	147	222	73	
192	72	201	120	196	124	87	250	179	191	
249	191	212	229	171	168	215	116	67	119	
152	141	300	203	145	156	60	84	306	243	
180	158	145	157	246	102	181	145	213	105	
158	84	103	312	156	199	104	109	111	272	
118	189	177	105	109	132	174	124	142	128	
122	100	93	160	155	140	88	88	142	122	

later_fail_encrypt_num:
later_out_time_encrypt_num:
